      2 96026.63
      2 76701.26
      2 6721.58
      2 42517.46
      2 290709.73
      2 271755.72
      2 254289.5
      1 99975.3
      1 99970.65
      1 99957.52
      1 99937.75
      1 99934.54
      1 99932.16
      1 99926.79
      1 99923.95
      1 9991.23
      1 99912.19
      1 99900.78
      1 99856.44
      1 99844.9
      1 99792.71
      1 99759.69
      1 99757.99
      1 99752.6
      1 99730.46
      1 997122.97
      1 99691.98
      1 99685.87
      1 99672.09
      1 99667.09
